TestPair: 0.03125 0.0078125 92.619
TreatmentPair: 8.0 8.0 79.1792
ProblemPair: 128 2